-32955.0
-29905.0
-33295.0
-20998.0
-23639.0
-27409.0
-16882.0
-35788.0
-24032.0
-36247.0
-19781.0
-25759.0
-29374.0
-24996.0
-27728.0
-24362.0
-30811.0
-56271.0
-57436.0
-25855.0
-25230.0
-25359.0
-26475.0
-21759.0
-26626.0
-23843.0
-131081.0
-28982.0
-23046.0
-30868.0
-86227.0
-26536.0
-34797.0
-79889.0
-38809.0
-78974.0
-27002.0
-53619.0
-53966.0
-86811.0
-46109.0
-44038.0
-35636.0
-42174.0
-46759.0
-49854.0
-87970.0
-75963.0
-40148.0
-36939.0
-66758.0
-62414.0
-63101.0
-371217.0
-160499.0
-88749.0
-341066.0
-143735.0
-80300.0
-63131.0
-344711.0
-80387.0
-395335.0
-147440.0
-418997.0
-255622.0
-225546.0
-314245.0
-261003.0
-497682.0
-431546.0
-600093.0
-380750.0
-505518.0
-106318.0
-582445.0
-308928.0
-556734.0
-549437.0
-81132.0
-141418.0
-147793.0
-110734.0
-378506.0
-447346.0
-141286.0
-623738.0
-865027.0
-440284.0
-990679.0
-544290.0
-835690.0
-439251.0
-497068.0
-1534092.0
-1000163.0
-1336688.0
-1399441.0
-1875973.0
-737939.0
