8.681296296296296
7.970370370370371
8.769444444444444
5.995555555555556
6.765370370370371
7.543703703703704
5.262037037037037
9.437222222222223
6.704444444444444
9.355555555555556
5.9329629629629625
6.971481481481481
7.9527777777777775
7.021851851851852
7.585740740740741
6.824259259259259
8.05962962962963
14.005925925925926
14.045
7.346111111111111
6.908333333333333
6.94537037037037
7.721851851851852
6.338518518518518
6.920555555555556
6.422777777777778
29.627222222222223
7.533148148148148
6.540555555555556
8.062037037037037
19.49240740740741
7.274814814814815
8.90962962962963
18.27259259259259
9.803148148148148
18.973703703703702
7.24574074074074
12.818518518518518
13.115185185185185
20.38962962962963
11.216296296296296
11.005925925925926
8.979444444444445
10.176111111111112
11.382037037037037
12.01
20.453333333333333
17.387037037037036
10.272592592592593
9.452222222222222
15.446666666666667
14.505925925925926
14.265925925925925
76.85740740740741
36.23148148148148
20.41925925925926
71.84537037037038
31.386296296296297
19.680555555555557
15.078703703703704
73.2587037037037
19.44537037037037
80.03296296296297
33.22611111111111
86.82518518518519
55.14703703703704
50.79574074074074
67.84148148148148
55.075185185185184
104.73759259259259
93.17111111111112
123.65203703703703
83.29407407407408
103.26037037037037
23.60611111111111
119.67666666666666
66.88388888888889
112.72537037037037
115.74703703703703
18.860185185185184
31.797592592592594
32.43666666666667
25.01962962962963
85.54648148148148
96.5338888888889
33.308703703703706
133.61185185185184
180.79462962962964
95.85777777777778
201.48222222222222
113.93092592592592
169.13703703703703
92.45351851851852
101.56462962962964
298.9172222222222
196.26055555555556
262.12425925925925
266.82
353.12074074074076
153.04166666666666
