46879
43040
47355
32376
36533
40736
28415
50961
36204
50520
32038
37646
42945
37918
40963
36851
43522
75632
75843
39669
37305
37505
41698
34228
37371
34683
159987
40679
35319
43535
105259
39284
48112
98672
52937
102458
39127
69220
70822
110104
60568
59432
48489
54951
61463
64854
110448
93890
55472
51042
83412
78332
77036
415030
195650
110264
387965
169486
106275
81425
395597
105005
432178
179421
468856
297794
274297
366344
297406
565583
503124
667721
449788
557606
127473
646254
361173
608717
625034
101845
171707
175158
135106
461951
521283
179867
721504
976291
517632
1088004
615227
913340
499249
548449
1614153
1059807
1415471
1440828
1906852
826425
